1,1,121.7,334.3,133.8,58.89999999999998,1,1,1.0
1,2,733.2,265.5,71.69999999999993,39.60000000000002,1,1,1.0
1,3,208.44,250.6,95.75999999999999,40.20000000000002,1,1,1.0
2,1,97.36,337.96,136.3,59.76000000000005,1,1,1.0
2,2,719.4,267.9,72.87,39.60000000000002,1,1,1.0
2,3,208.44,250.73,95.75999999999999,40.16,1,1,1.0
3,1,73.02,341.62,138.8,60.620000000000005,1,1,1.0
3,2,705.6,270.3,74.02999999999997,39.599999999999966,1,1,1.0
3,3,208.44,250.86,95.75999999999999,40.120000000000005,1,1,1.0
4,1,48.68,345.28,141.29999999999998,61.48000000000002,1,1,1.0
4,2,692.6,271.9,74.39999999999998,40.400000000000034,1,1,1.0
4,3,208.44,250.99,95.75999999999999,40.089999999999975,1,1,1.0
5,1,24.34,348.94,143.79999999999998,62.339999999999975,1,1,1.0
5,2,678.53,273.5,75.26999999999998,41.19999999999999,1,1,1.0
5,3,208.44,251.12,95.75999999999999,40.05000000000001,1,1,1.0
6,1,0.0,352.6,146.3,63.19999999999999,1,1,1.0
6,2,664.47,275.1,76.98000000000002,42.0,1,1,1.0
6,3,208.44,251.25,95.75999999999999,40.00999999999999,1,1,1.0
7,1,0.0,358.02,122.18,64.28000000000003,1,1,1.0
7,2,650.4,276.7,78.70000000000005,42.80000000000001,1,1,1.0
7,3,208.44,251.37,95.75999999999999,39.98000000000002,1,1,1.0
8,1,0.0,360.6,98.06,64.29999999999995,1,1,1.0
8,2,635.14,278.6,80.28999999999996,43.15999999999997,1,1,1.0
8,3,208.44,251.5,95.75999999999999,39.94,1,1,1.0
9,1,0.0,366.97,73.94,58.95999999999998,1,1,1.0
9,2,619.88,280.5,81.88999999999999,43.51999999999998,1,1,1.0
9,3,208.44,251.63,95.75999999999999,39.89999999999998,1,1,1.0
10,1,0.0,373.33,49.82,53.64000000000004,1,1,1.0
10,2,604.62,282.4,83.48000000000002,43.879999999999995,1,1,1.0
10,3,208.44,251.76,95.75999999999999,39.870000000000005,1,1,1.0
11,1,0.0,379.7,25.7,48.30000000000001,1,1,1.0
11,2,589.36,284.3,85.84000000000003,44.24000000000001,1,1,1.0
11,3,208.44,251.89,95.75999999999999,39.83000000000004,1,1,1.0
12,2,574.1,285.58,86.10000000000002,45.22000000000003,1,1,1.0
12,3,208.44,252.02,95.75999999999999,39.78999999999999,1,1,1.0
13,2,558.5,288.05,87.13,45.829999999999984,1,1,1.0
13,3,208.44,252.15,95.75999999999999,39.74999999999997,1,1,1.0
14,2,542.9,290.52,88.17000000000007,46.450000000000045,1,1,1.0
14,3,208.44,252.28,95.75999999999999,39.71000000000001,1,1,1.0
15,2,527.3,292.99,89.20000000000005,47.06,1,1,1.0
15,3,208.44,252.41,95.75999999999999,39.66999999999999,1,1,1.0
16,2,510.1,295.46,91.10000000000002,47.670000000000016,1,1,1.0
16,3,208.44,252.54,95.75999999999999,39.640000000000015,1,1,1.0
17,2,492.9,297.93,93.0,48.29000000000002,1,1,1.0
17,3,208.44,252.67,95.75999999999999,39.599999999999994,1,1,1.0
18,2,474.0,300.4,94.70000000000005,48.900000000000034,1,1,1.0
18,3,208.44,252.8,95.75999999999999,39.56,1,1,1.0
19,2,457.13,303.06,97.16999999999996,50.02999999999997,1,1,1.0
19,3,208.44,252.93,95.75999999999999,39.51999999999998,1,1,1.0
20,2,440.27,305.72,95.02999999999997,51.14999999999998,1,1,1.0
20,3,208.44,253.05,95.75999999999999,39.49000000000001,1,1,1.0
21,2,423.4,308.38,100.20000000000005,52.28000000000003,1,1,1.0
21,3,208.44,253.18,95.75999999999999,39.44999999999999,1,1,1.0
22,2,404.95,311.04,103.05000000000001,53.39999999999998,1,1,1.0
22,3,208.44,253.31,95.75999999999999,39.420000000000016,1,1,1.0
23,2,386.5,313.7,105.89999999999998,54.53000000000003,1,1,1.0
23,3,208.44,253.44,95.75999999999999,39.379999999999995,1,1,1.0
24,2,367.03,317.46,107.57000000000005,54.55000000000001,1,1,1.0
24,3,208.44,253.57,95.75999999999999,39.34000000000003,1,1,1.0
25,2,349.2,320.3,107.5,55.5,1,1,1.0
25,3,208.44,253.7,95.75999999999999,39.30000000000001,1,1,1.0
26,2,328.5,323.67,109.86000000000001,56.51999999999998,1,1,1.0
26,3,208.44,253.65,95.75999999999999,39.349999999999994,1,1,1.0
27,2,307.8,327.04,112.21999999999997,57.549999999999955,1,1,1.0
27,3,208.44,253.59,95.75999999999999,39.41,1,1,1.0
28,2,286.43,330.41,115.88,58.56999999999999,1,1,1.0
28,3,208.44,253.54,95.75999999999999,39.46000000000001,1,1,1.0
29,2,265.07,333.79,119.54000000000002,59.589999999999975,1,1,1.0
29,3,208.44,253.48,95.75999999999999,39.52000000000001,1,1,1.0
30,2,243.7,337.16,123.19999999999999,60.60999999999996,1,1,1.0
30,3,208.44,253.43,95.75999999999999,39.56999999999999,1,1,1.0
31,2,222.6,340.53,124.29999999999998,61.64000000000004,1,1,1.0
31,3,208.44,253.38,95.75999999999999,39.620000000000005,1,1,1.0
32,2,201.5,343.9,125.39999999999998,62.660000000000025,1,1,1.0
32,3,208.44,253.32,95.75999999999999,39.68000000000001,1,1,1.0
33,2,175.88,347.5,130.12,64.88,1,1,1.0
33,3,208.44,253.27,95.75999999999999,39.72999999999999,1,1,1.0
34,2,150.26,350.6,134.84000000000003,67.60999999999996,1,1,1.0
34,3,208.44,253.22,95.75999999999999,39.78,1,1,1.0
35,2,124.64,355.42,139.56,68.60999999999996,1,1,1.0
35,3,208.44,253.16,95.75999999999999,39.84,1,1,1.0
36,2,99.02,360.23,144.28000000000003,69.62,1,1,1.0
36,3,208.44,253.11,95.75999999999999,39.889999999999986,1,1,1.0
37,2,73.4,364.32,149.79999999999998,71.36000000000001,1,1,1.0
37,3,208.44,253.05,95.75999999999999,39.94999999999999,1,1,1.0
38,2,46.4,368.4,152.79999999999998,73.10000000000002,1,1,1.0
38,3,208.44,253.0,95.75999999999999,40.0,1,1,1.0
39,2,17.2,373.12,155.9,74.88,1,1,1.0
39,3,208.44,252.95,95.75999999999999,40.05000000000001,1,1,1.0
40,2,0.0,377.85,150.67,76.64999999999998,1,1,1.0
40,3,208.44,252.89,95.75999999999999,40.110000000000014,1,1,1.0
41,2,0.0,382.58,126.6,77.02000000000004,1,1,1.0
41,3,208.44,252.84,95.75999999999999,40.16,1,1,1.0
42,2,0.0,387.3,100.0,79.89999999999998,1,1,1.0
42,3,208.44,252.78,95.75999999999999,40.22,1,1,1.0
43,2,0.0,395.2,74.23,66.80000000000001,1,1,1.0
43,3,208.44,252.73,95.75999999999999,40.27000000000001,1,1,1.0
44,2,0.0,406.9,48.47,57.400000000000034,1,1,1.0
44,3,208.44,252.68,95.75999999999999,40.31999999999999,1,1,1.0
45,2,0.0,416.7,22.7,50.5,1,1,1.0
45,3,208.44,252.62,95.75999999999999,40.379999999999995,1,1,1.0
46,3,208.44,252.57,95.75999999999999,40.43000000000001,1,1,1.0
47,3,208.44,252.52,95.75999999999999,40.47999999999999,1,1,1.0
48,3,208.44,252.46,95.75999999999999,40.53999999999999,1,1,1.0
49,3,208.44,252.41,95.75999999999999,40.59,1,1,1.0
50,3,208.44,252.35,95.75999999999999,40.650000000000006,1,1,1.0
51,3,208.44,252.3,95.75999999999999,40.69999999999999,1,1,1.0
52,3,208.44,252.46,95.69,40.66999999999999,1,1,1.0
52,4,946.8,227.0,13.200000000000045,52.80000000000001,1,1,1.0
53,3,208.44,252.61,95.62,40.64999999999998,1,1,1.0
53,4,941.94,226.87,18.059999999999945,54.829999999999984,1,1,1.0
54,3,208.44,252.77,95.56,40.62999999999997,1,1,1.0
54,4,937.09,226.73,22.909999999999968,56.87000000000003,1,1,1.0
55,3,208.44,252.92,95.49000000000001,40.609999999999985,1,1,1.0
55,4,932.23,226.6,27.769999999999982,58.900000000000006,1,1,1.0
56,3,208.44,253.08,95.42000000000002,40.58000000000001,1,1,1.0
56,4,927.38,226.47,32.620000000000005,60.92999999999998,1,1,1.0
57,3,208.44,253.24,95.35000000000002,40.55000000000001,1,1,1.0
57,4,922.52,226.33,37.48000000000002,62.97,1,1,1.0
58,3,208.44,253.39,95.28000000000003,40.53000000000003,1,1,1.0
58,4,917.67,226.2,42.33000000000004,65.0,1,1,1.0
59,3,208.44,253.55,95.22000000000003,40.50999999999999,1,1,1.0
59,4,912.81,226.07,47.190000000000055,67.03000000000003,1,1,1.0
60,3,208.44,253.7,95.14999999999998,40.49000000000001,1,1,1.0
60,4,907.96,225.93,52.039999999999964,68.82,1,1,1.0
61,3,208.44,253.86,95.07999999999998,40.45999999999998,1,1,1.0
61,4,903.1,225.8,56.89999999999998,70.59999999999997,1,1,1.0
62,3,208.44,254.02,95.00999999999999,40.42999999999998,1,1,1.0
62,4,897.16,225.95,62.84000000000003,71.90000000000003,1,1,1.0
63,3,208.44,254.17,94.94,40.41,1,1,1.0
63,4,891.22,226.1,68.77999999999997,73.20000000000002,1,1,1.0
64,3,208.44,254.33,94.88,40.390000000000015,1,1,1.0
64,4,885.28,226.25,74.72000000000003,74.5,1,1,1.0
65,3,208.44,254.48,94.81,40.37000000000003,1,1,1.0
65,4,879.34,226.4,80.65999999999997,75.79999999999998,1,1,1.0
66,3,208.44,254.64,94.74000000000001,40.34000000000003,1,1,1.0
66,4,873.4,226.55,86.60000000000002,77.09999999999997,1,1,1.0
67,3,208.44,254.8,94.67000000000002,40.31,1,1,1.0
67,4,866.88,226.7,93.12,78.40000000000003,1,1,1.0
68,3,208.44,254.95,94.60000000000002,40.29000000000002,1,1,1.0
68,4,860.36,226.85,99.63999999999999,79.70000000000002,1,1,1.0
69,3,208.44,255.11,94.54000000000002,40.26999999999998,1,1,1.0
69,4,853.84,227.0,106.15999999999997,81.0,1,1,1.0
70,3,208.44,255.26,94.47000000000003,40.25,1,1,1.0
70,4,847.32,227.15,112.67999999999995,82.29999999999998,1,1,1.0
71,3,208.44,255.42,94.39999999999998,40.22,1,1,1.0
71,4,840.8,227.3,119.20000000000005,83.59999999999997,1,1,1.0
72,3,208.44,255.58,94.32999999999998,40.18999999999997,1,1,1.0
72,4,834.19,228.22,125.80999999999995,84.55999999999997,1,1,1.0
73,3,208.44,255.73,94.25999999999999,40.16999999999999,1,1,1.0
73,4,827.57,229.14,132.42999999999995,85.53000000000003,1,1,1.0
74,3,208.44,255.89,94.19999999999999,40.150000000000034,1,1,1.0
74,4,820.96,230.06,139.03999999999996,86.49000000000001,1,1,1.0
75,3,208.44,256.04,94.13,40.129999999999995,1,1,1.0
75,4,814.34,230.99,145.65999999999997,87.44999999999999,1,1,1.0
75,5,809.33,257.72,19.879999999999995,24.359999999999957,1,1,1.0
76,3,208.44,256.2,94.06,40.10000000000002,1,1,1.0
76,4,804.77,232.04,155.23000000000002,88.41999999999999,1,1,1.0
76,5,799.89,258.39,20.100000000000023,24.960000000000036,1,1,1.0
77,3,208.44,256.2,94.06,40.00999999999999,1,1,1.0
77,4,795.2,233.1,164.79999999999995,89.38000000000002,1,1,1.0
77,5,790.46,259.06,20.299999999999955,25.55000000000001,1,1,1.0
78,3,208.44,256.2,94.06,39.93000000000001,1,1,1.0
78,4,787.6,234.07,170.10000000000002,90.34000000000003,1,1,1.0
78,5,781.02,259.73,20.50999999999999,26.139999999999986,1,1,1.0
79,3,208.44,256.2,94.06,39.84000000000003,1,1,1.0
79,4,780.0,235.03,171.70000000000005,91.30999999999997,1,1,1.0
79,5,771.59,260.4,20.709999999999923,26.730000000000018,1,1,1.0
79,6,931.6,236.1,28.399999999999977,33.70000000000002,1,1,1.0
80,3,208.44,256.2,94.06,39.75,1,1,1.0
80,4,771.0,236.0,174.10000000000002,92.26999999999998,1,1,1.0
80,5,762.16,262.5,20.639999999999986,25.899999999999977,1,1,1.0
80,6,928.3,236.93,26.200000000000045,33.579999999999984,1,1,1.0
81,3,208.44,256.2,94.06,39.670000000000016,1,1,1.0
81,4,762.2,236.0,179.5,94.19999999999999,1,1,1.0
81,5,751.67,262.1,23.530000000000086,27.299999999999955,1,1,1.0
81,6,918.7,237.76,30.299999999999955,33.47000000000003,1,1,1.0
82,3,208.44,256.2,94.06,39.579999999999984,1,1,1.0
82,4,754.8,237.11,180.7700000000001,95.25999999999999,1,1,1.0
82,5,741.18,262.3,26.420000000000073,28.089999999999975,1,1,1.0
82,6,914.1,238.59,29.399999999999977,33.349999999999994,1,1,1.0
83,3,208.44,256.2,94.06,39.49000000000001,1,1,1.0
83,4,745.9,238.22,183.54000000000008,96.32000000000002,1,1,1.0
83,5,730.7,262.57,27.829999999999927,28.819999999999993,1,1,1.0
83,6,908.9,239.42,29.100000000000023,33.24000000000004,1,1,1.0
84,3,208.44,256.2,94.06,39.410000000000025,1,1,1.0
84,4,737.0,239.33,186.30999999999995,97.37999999999997,1,1,1.0
84,5,720.21,262.83,29.25999999999999,29.560000000000002,1,1,1.0
84,6,903.7,240.24,28.799999999999955,33.129999999999995,1,1,1.0
85,3,208.44,256.2,94.06,39.31999999999999,1,1,1.0
85,4,727.3,240.44,189.88,98.44,1,1,1.0
85,5,709.72,263.1,30.67999999999995,30.289999999999964,1,1,1.0
85,6,895.8,241.07,30.450000000000045,33.01999999999998,1,1,1.0
86,3,208.44,256.2,94.06,39.23000000000002,1,1,1.0
86,4,717.6,241.55,193.44999999999993,99.5,1,1,1.0
86,5,698.43,263.54,34.83000000000004,30.66999999999996,1,1,1.0
86,6,884.9,241.9,35.10000000000002,32.900000000000006,1,1,1.0
87,3,208.44,256.2,94.06,39.150000000000034,1,1,1.0
87,4,707.9,242.66,197.01999999999998,100.56000000000003,1,1,1.0
87,5,687.14,263.98,38.98000000000002,31.039999999999964,1,1,1.0
87,6,877.16,242.66,36.639999999999986,32.890000000000015,1,1,1.0
88,3,208.44,256.2,94.06,39.06,1,1,1.0
88,4,698.2,243.77,200.58999999999992,101.61999999999998,1,1,1.0
88,5,675.85,264.42,43.129999999999995,31.41999999999996,1,1,1.0
88,6,869.41,243.41,38.190000000000055,32.900000000000006,1,1,1.0
89,3,208.44,256.2,94.06,38.97000000000003,1,1,1.0
89,4,688.5,244.88,204.15999999999997,102.68,1,1,1.0
89,5,664.56,264.86,47.280000000000086,31.80000000000001,1,1,1.0
89,6,861.67,244.16,39.73000000000002,32.900000000000006,1,1,1.0
90,3,208.44,256.2,94.06,38.889999999999986,1,1,1.0
90,4,678.8,245.99,207.73000000000002,103.74000000000001,1,1,1.0
90,5,653.27,265.3,51.430000000000064,32.170000000000016,1,1,1.0
90,6,853.93,244.92,41.270000000000095,32.890000000000015,1,1,1.0
91,3,208.44,256.2,94.06,38.80000000000001,1,1,1.0
91,4,667.0,247.1,213.39999999999998,104.79999999999998,1,1,1.0
91,5,641.38,266.03,57.51999999999998,31.960000000000036,1,1,1.0
91,6,846.19,245.67,42.809999999999945,32.900000000000006,1,1,1.0
92,3,208.44,256.2,94.06,38.710000000000036,1,1,1.0
92,4,655.21,248.37,217.5,106.65999999999997,1,1,1.0
92,5,629.5,266.77,63.60000000000002,31.74000000000001,1,1,1.0
92,6,838.44,246.42,43.15999999999997,32.900000000000006,1,1,1.0
93,3,208.44,256.2,94.06,38.629999999999995,1,1,1.0
93,4,643.43,249.64,221.59000000000003,108.52000000000004,1,1,1.0
93,5,617.61,267.5,69.68999999999994,31.529999999999973,1,1,1.0
93,6,830.7,247.18,43.5,32.89999999999998,1,1,1.0
94,3,208.44,256.2,94.06,38.54000000000002,1,1,1.0
94,4,631.64,250.91,225.69000000000005,110.38000000000002,1,1,1.0
94,5,605.73,267.7,69.87,31.850000000000023,1,1,1.0
94,6,817.9,247.74,48.129999999999995,32.49000000000001,1,1,1.0
95,3,208.44,256.2,94.06,38.44999999999999,1,1,1.0
95,4,619.85,252.18,229.78999999999996,112.24000000000001,1,1,1.0
95,5,593.84,267.7,72.65999999999997,32.370000000000005,1,1,1.0
95,6,807.6,248.3,50.26999999999998,32.079999999999984,1,1,1.0
96,3,208.44,256.2,94.06,38.370000000000005,1,1,1.0
96,4,608.06,253.45,233.8900000000001,114.10000000000002,1,1,1.0
96,5,580.47,267.7,76.42999999999995,33.579999999999984,1,1,1.0
96,6,797.3,248.86,52.40000000000009,31.680000000000007,1,1,1.0
97,3,208.44,256.2,94.06,38.28000000000003,1,1,1.0
97,4,596.28,254.72,237.98000000000002,115.96000000000001,1,1,1.0
97,5,567.1,267.8,80.19999999999993,34.68000000000001,1,1,1.0
97,6,787.0,249.42,54.52999999999997,31.27000000000001,1,1,1.0
98,3,208.44,256.2,94.06,38.19,1,1,1.0
98,4,584.49,255.99,242.08000000000004,117.82,1,1,1.0
98,5,555.4,268.7,82.30000000000007,34.99000000000001,1,1,1.0
98,6,776.7,249.98,56.66999999999996,30.870000000000033,1,1,1.0
99,3,208.44,256.2,94.06,38.110000000000014,1,1,1.0
99,4,572.7,257.26,246.17999999999995,119.68,1,1,1.0
99,5,543.7,269.6,84.39999999999998,35.289999999999964,1,1,1.0
99,6,766.4,250.54,58.80000000000007,30.460000000000008,1,1,1.0
100,3,208.44,256.2,94.06,38.02000000000004,1,1,1.0
100,4,559.73,258.53,251.46000000000004,121.54000000000002,1,1,1.0
100,5,526.99,270.5,91.50999999999999,35.60000000000002,1,1,1.0
100,6,754.56,250.97,59.940000000000055,21.67999999999998,1,1,1.0
101,3,208.44,256.2,94.06,37.93000000000001,1,1,1.0
101,4,546.76,259.8,256.74,123.39999999999998,1,1,1.0
101,5,513.19,270.85,93.58999999999992,35.69999999999999,1,1,1.0
101,6,742.71,251.41,61.08999999999992,12.890000000000015,1,1,1.0
102,3,208.44,256.2,94.06,37.85000000000002,1,1,1.0
102,4,533.1,261.26,261.2099999999999,126.05000000000001,1,1,1.0
102,5,499.39,271.2,95.66999999999996,35.80000000000001,1,1,1.0
102,6,730.87,251.85,63.08000000000004,14.000000000000028,1,1,1.0
103,3,208.44,256.2,94.06,37.75999999999999,1,1,1.0
103,4,519.8,262.72,265.32000000000005,127.67999999999995,1,1,1.0
103,5,485.59,271.55,97.75000000000006,35.89999999999998,1,1,1.0
103,6,719.03,252.29,65.08000000000004,15.109999999999985,1,1,1.0
104,3,208.44,256.2,94.06,37.670000000000016,1,1,1.0
104,4,506.05,264.18,269.87999999999994,129.62,1,1,1.0
104,5,471.8,271.9,99.82,36.0,1,1,1.0
104,6,707.19,252.72,66.63999999999999,14.179999999999978,1,1,1.0
104,7,948.6,229.83,11.399999999999977,35.29999999999998,1,1,1.0
105,3,208.44,256.2,94.06,37.59000000000003,1,1,1.0
105,4,492.3,265.64,274.44,131.56,1,1,1.0
105,5,458.0,272.25,101.89999999999998,36.10000000000002,1,1,1.0
105,6,695.34,253.16,70.45999999999992,14.940000000000026,1,1,1.0
105,7,944.46,228.28,15.539999999999964,37.33000000000001,1,1,1.0
106,3,208.44,256.2,94.06,37.5,1,1,1.0
106,4,476.2,267.1,281.34999999999997,134.13,1,1,1.0
106,5,444.2,272.6,92.12000000000006,36.19999999999999,1,1,1.0
106,6,683.5,253.6,69.39999999999998,16.00000000000003,1,1,1.0
106,7,940.31,226.74,19.690000000000055,39.339999999999975,1,1,1.0
107,3,208.44,256.2,94.06,37.410000000000025,1,1,1.0
107,4,460.1,268.56,288.26,136.70999999999998,1,1,1.0
107,5,429.94,273.52,104.66000000000003,36.34000000000003,1,1,1.0
107,6,667.9,254.34,74.60000000000002,17.299999999999983,1,1,1.0
107,7,936.17,225.2,23.83000000000004,41.360000000000014,1,1,1.0
108,3,208.44,256.2,94.06,37.329999999999984,1,1,1.0
108,4,444.0,270.02,295.16999999999996,139.28000000000003,1,1,1.0
108,5,415.68,274.44,106.71999999999997,36.48000000000002,1,1,1.0
108,6,652.3,255.09,79.80000000000007,18.599999999999994,1,1,1.0
108,7,932.03,223.66,27.970000000000027,43.380000000000024,1,1,1.0
109,3,208.44,256.2,94.06,37.24000000000001,1,1,1.0
109,4,427.9,271.48,302.08000000000004,142.82,1,1,1.0
109,5,401.42,275.36,104.38,36.620000000000005,1,1,1.0
109,6,636.7,255.83,85.0,19.900000000000006,1,1,1.0
109,7,927.89,222.11,32.110000000000014,45.39999999999998,1,1,1.0
110,3,208.44,256.2,94.06,37.150000000000034,1,1,1.0
110,4,411.8,272.94,308.98999999999995,146.36,1,1,1.0
110,5,387.16,276.28,103.33999999999997,36.76000000000005,1,1,1.0
110,6,621.1,256.57,90.19999999999993,21.19999999999999,1,1,1.0
110,7,923.74,220.57,36.25999999999999,47.420000000000016,1,1,1.0
111,3,208.44,256.2,94.06,37.06999999999999,1,1,1.0
111,4,395.7,274.4,315.90000000000003,149.90000000000003,1,1,1.0
111,5,372.9,277.2,105.80000000000001,36.900000000000034,1,1,1.0
111,6,607.3,257.31,92.90000000000009,22.5,1,1,1.0
111,7,919.6,219.03,40.39999999999998,49.440000000000026,1,1,1.0
112,3,208.44,256.2,94.06,36.98000000000002,1,1,1.0
112,4,377.0,276.24,323.03999999999996,152.76,1,1,1.0
112,5,358.03,278.1,106.67000000000002,37.27999999999997,1,1,1.0
112,6,593.55,258.06,94.85000000000002,23.80000000000001,1,1,1.0
112,7,914.83,214.9,45.16999999999996,54.04999999999998,1,1,1.0
113,3,208.44,256.2,94.06,36.889999999999986,1,1,1.0
113,4,358.3,278.08,330.18,155.62,1,1,1.0
113,5,343.15,279.0,107.55000000000001,37.670000000000016,1,1,1.0
113,6,579.8,258.8,96.80000000000007,25.099999999999966,1,1,1.0
113,7,910.07,214.95,49.92999999999995,54.47000000000003,1,1,1.0
114,3,208.44,256.2,94.06,36.81,1,1,1.0
114,4,341.0,279.92,335.91999999999996,158.84999999999997,1,1,1.0
114,5,328.28,279.9,108.42000000000002,38.05000000000001,1,1,1.0
114,6,566.4,259.2,97.76999999999998,25.730000000000018,1,1,1.0
114,7,905.3,215.0,54.700000000000045,54.89999999999998,1,1,1.0
115,3,208.44,256.2,94.06,36.72000000000003,1,1,1.0
115,4,321.6,281.76,343.76,162.09000000000003,1,1,1.0
115,5,313.4,280.8,109.30000000000001,38.43000000000001,1,1,1.0
115,6,554.2,259.6,97.52999999999997,26.370000000000005,1,1,1.0
115,7,900.16,215.42,57.39999999999998,55.37000000000003,1,1,1.0
116,3,208.44,256.2,94.06,36.629999999999995,1,1,1.0
116,4,300.87,283.6,352.92999999999995,164.39999999999998,1,1,1.0
116,5,298.0,281.7,110.69999999999999,38.81999999999999,1,1,1.0
116,6,549.72,260.0,89.57999999999993,27.0,1,1,1.0
116,7,895.02,215.84,60.10000000000002,55.84,1,1,1.0
117,3,208.44,256.2,94.06,36.55000000000001,1,1,1.0
117,4,280.13,285.44,362.11,167.51,1,1,1.0
117,5,282.15,282.6,112.55000000000001,39.19999999999999,1,1,1.0
117,6,523.7,260.94,102.0,31.060000000000002,1,1,1.0
117,7,889.88,216.26,62.799999999999955,56.31,1,1,1.0
118,3,208.44,256.2,94.06,36.460000000000036,1,1,1.0
118,4,259.4,287.28,371.28,170.62,1,1,1.0
118,5,267.03,283.23,113.12,40.01999999999998,1,1,1.0
118,6,508.7,261.88,103.40000000000003,30.680000000000007,1,1,1.0
118,7,884.74,216.68,65.5,56.77999999999997,1,1,1.0
119,3,208.44,256.2,94.06,36.370000000000005,1,1,1.0
119,4,238.67,289.12,380.45000000000005,174.25,1,1,1.0
119,5,251.9,283.86,113.70000000000002,40.839999999999975,1,1,1.0
119,6,493.6,262.82,104.89999999999998,32.51999999999998,1,1,1.0
119,7,879.6,217.1,68.19999999999993,57.25000000000003,1,1,1.0
120,3,208.44,256.2,94.06,36.29000000000002,1,1,1.0
120,4,217.93,290.96,389.62999999999994,177.87,1,1,1.0
120,5,235.6,285.02,114.20000000000002,41.10000000000002,1,1,1.0
120,6,479.0,263.76,105.89999999999998,34.360000000000014,1,1,1.0
120,7,874.46,217.52,70.89999999999998,57.72,1,1,1.0
121,3,208.44,256.2,94.06,36.19999999999999,1,1,1.0
121,4,197.2,292.8,398.8,181.5,1,1,1.0
121,5,219.3,286.17,114.69999999999999,41.379999999999995,1,1,1.0
121,6,465.1,264.7,106.19999999999993,36.19999999999999,1,1,1.0
121,7,869.32,217.94,73.59999999999991,58.19,1,1,1.0
122,3,208.44,256.2,94.06,36.27000000000004,1,1,1.0
122,4,171.73,295.38,411.5,186.48000000000002,1,1,1.0
122,5,202.08,287.33,116.11999999999998,41.64000000000004,1,1,1.0
122,6,450.44,265.45,103.60999999999996,37.52000000000004,1,1,1.0
122,7,864.18,218.36,76.30000000000007,58.65999999999997,1,1,1.0
123,3,208.44,256.2,94.06,36.329999999999984,1,1,1.0
123,4,146.27,297.96,424.20000000000005,191.47000000000003,1,1,1.0
123,5,184.86,288.49,117.53999999999996,41.90999999999997,1,1,1.0
123,6,435.78,266.2,101.01999999999998,38.829999999999984,1,1,1.0
123,7,859.04,218.78,79.0,59.130000000000024,1,1,1.0
124,3,208.44,256.2,94.06,36.400000000000034,1,1,1.0
124,4,120.8,300.54,436.90000000000003,196.45,1,1,1.0
124,5,167.64,289.64,118.96000000000004,42.19,1,1,1.0
124,6,421.12,266.95,108.38,40.150000000000034,1,1,1.0
124,7,853.9,219.2,81.70000000000005,59.60000000000002,1,1,1.0
125,3,208.44,256.2,94.06,36.460000000000036,1,1,1.0
125,4,93.9,303.12,448.64,201.43,1,1,1.0
125,5,150.42,290.8,120.38000000000002,42.44999999999999,1,1,1.0
125,6,406.46,267.7,111.83999999999997,41.47000000000003,1,1,1.0
125,7,847.53,219.56,83.06000000000006,59.80000000000001,1,1,1.0
126,3,208.44,256.2,94.06,36.53000000000003,1,1,1.0
126,4,67.0,305.7,460.38,206.41000000000003,1,1,1.0
126,5,133.51,292.53,121.49000000000001,42.150000000000034,1,1,1.0
126,6,391.8,268.45,113.0,42.78000000000003,1,1,1.0
126,7,841.17,219.92,84.41000000000008,60.00000000000003,1,1,1.0
127,3,208.44,256.2,94.06,36.60000000000002,1,1,1.0
127,4,38.95,308.28,474.7,211.39,1,1,1.0
127,5,116.6,294.26,122.6,41.84000000000003,1,1,1.0
127,6,377.14,269.2,114.16000000000003,44.10000000000002,1,1,1.0
127,7,834.8,220.28,85.75999999999999,60.20000000000002,1,1,1.0
128,3,208.44,256.2,94.06,36.660000000000025,1,1,1.0
128,4,10.9,310.86,489.03000000000003,216.38,1,1,1.0
128,5,98.8,295.57,123.44000000000001,42.829999999999984,1,1,1.0
128,6,362.48,269.95,115.49000000000001,43.84000000000003,1,1,1.0
128,7,828.43,220.64,87.12,60.400000000000034,1,1,1.0
129,3,208.44,256.2,94.06,36.73000000000002,1,1,1.0
129,4,0.1,313.44,486.09999999999997,221.35999999999996,1,1,1.0
129,5,80.17,296.87,125.11,43.829999999999984,1,1,1.0
129,6,347.82,270.7,116.81,43.56999999999999,1,1,1.0
129,7,822.07,221.0,88.46999999999991,60.60000000000002,1,1,1.0
130,3,208.44,256.2,94.06,36.79000000000002,1,1,1.0
130,4,0.0,316.02,469.9,223.77999999999997,1,1,1.0
130,5,61.55,298.18,126.77,44.81999999999999,1,1,1.0
130,6,333.16,271.45,118.13999999999999,43.31,1,1,1.0
130,7,815.7,221.36,89.82999999999993,60.80000000000001,1,1,1.0
131,3,208.44,256.2,94.06,36.860000000000014,1,1,1.0
131,4,0.0,318.6,453.3,221.39999999999998,1,1,1.0
131,5,42.92,299.49,128.44,45.81,1,1,1.0
131,6,318.5,272.2,118.69999999999999,44.10000000000002,1,1,1.0
131,7,809.33,221.72,91.17999999999995,61.00000000000003,1,1,1.0
132,3,208.44,256.2,94.06,36.93000000000001,1,1,1.0
132,4,0.0,321.99,437.4,218.01,1,1,1.0
132,5,24.3,300.8,130.1,46.80000000000001,1,1,1.0
132,6,302.03,273.34,119.90000000000003,47.160000000000025,1,1,1.0
132,7,802.97,222.08,92.52999999999997,61.19999999999996,1,1,1.0
133,3,208.44,256.2,94.06,36.99000000000001,1,1,1.0
133,4,0.0,325.38,421.5,214.62,1,1,1.0
133,5,5.4,302.55,130.78,46.89999999999998,1,1,1.0
133,6,285.57,274.49,121.10000000000002,48.00999999999999,1,1,1.0
133,7,796.6,222.44,91.56999999999994,61.39999999999998,1,1,1.0
134,3,208.44,256.2,94.06,37.06,1,1,1.0
134,4,0.0,328.77,403.7,211.23000000000002,1,1,1.0
134,5,0.0,304.3,117.95,47.0,1,1,1.0
134,6,269.1,275.63,122.29999999999995,48.870000000000005,1,1,1.0
134,7,792.8,222.8,90.10000000000002,61.599999999999966,1,1,1.0
135,3,208.44,256.2,94.06,37.129999999999995,1,1,1.0
135,4,0.0,332.16,385.9,207.83999999999997,1,1,1.0
135,5,0.0,305.7,99.73,47.44999999999999,1,1,1.0
135,6,252.63,276.78,123.5,49.72000000000003,1,1,1.0
135,7,784.98,223.32,91.85000000000002,61.79000000000002,1,1,1.0
136,3,208.44,256.2,94.06,37.19,1,1,1.0
136,4,0.0,335.55,368.1,204.45,1,1,1.0
136,5,0.0,308.7,81.5,46.30000000000001,1,1,1.0
136,6,236.17,277.92,124.70000000000002,50.579999999999984,1,1,1.0
136,7,777.16,223.84,93.61000000000001,61.97999999999999,1,1,1.0
137,3,208.44,256.2,94.06,37.25999999999999,1,1,1.0
137,4,0.0,338.94,348.3,201.06,1,1,1.0
137,5,0.0,309.9,63.27,44.200000000000045,1,1,1.0
137,6,219.7,279.07,125.90000000000003,51.43000000000001,1,1,1.0
137,7,769.34,224.36,95.36000000000001,62.16999999999996,1,1,1.0
137,8,702.12,509.68,128.08000000000004,30.319999999999993,1,1,1.0
138,3,208.44,256.2,94.06,37.31999999999999,1,1,1.0
138,4,0.0,342.33,329.25,197.67000000000002,1,1,1.0
138,5,0.0,313.3,45.05,44.0,1,1,1.0
138,6,203.23,280.21,127.1,52.29000000000002,1,1,1.0
138,7,761.52,224.88,97.11000000000001,62.360000000000014,1,1,1.0
138,8,710.79,504.51,130.21000000000004,35.49000000000001,1,1,1.0
139,3,208.44,256.2,94.06,37.389999999999986,1,1,1.0
139,4,0.0,345.72,310.2,194.27999999999997,1,1,1.0
139,5,0.0,317.95,26.82,38.35000000000002,1,1,1.0
139,6,186.77,281.36,128.29999999999998,52.039999999999964,1,1,1.0
139,7,753.7,225.4,98.87,62.54999999999998,1,1,1.0
139,8,719.46,499.33,131.14,40.670000000000016,1,1,1.0
140,3,208.44,256.2,94.06,37.460000000000036,1,1,1.0
140,4,0.0,349.11,287.8,190.89,1,1,1.0
140,5,0.0,320.4,8.6,28.0,1,1,1.0
140,6,170.3,282.5,129.5,51.80000000000001,1,1,1.0
140,7,745.88,225.92,100.62,62.74000000000004,1,1,1.0
140,8,728.13,494.15,132.07000000000005,45.85000000000002,1,1,1.0
141,3,208.44,256.2,94.06,37.52000000000004,1,1,1.0
141,4,0.0,352.5,268.1,187.5,1,1,1.0
141,6,152.7,283.33,131.25,52.660000000000025,1,1,1.0
141,7,738.06,226.44,101.84000000000003,62.93000000000001,1,1,1.0
141,8,736.8,488.97,133.0,51.02999999999997,1,1,1.0
142,3,208.44,256.2,94.06,37.59000000000003,1,1,1.0
142,4,0.0,356.6,244.95,183.39999999999998,1,1,1.0
142,6,135.1,284.17,133.00000000000003,53.50999999999999,1,1,1.0
142,7,730.24,226.96,102.83000000000004,63.119999999999976,1,1,1.0
142,8,747.44,483.79,130.95999999999992,56.20999999999998,1,1,1.0
143,3,208.44,256.2,94.06,37.650000000000034,1,1,1.0
143,4,0.0,360.7,221.8,179.3,1,1,1.0
143,6,117.03,285.0,135.22,54.370000000000005,1,1,1.0
143,7,722.42,227.48,103.81000000000006,63.31000000000003,1,1,1.0
143,8,758.09,478.61,128.90999999999997,61.389999999999986,1,1,1.0
144,3,208.44,256.2,94.06,37.72000000000003,1,1,1.0
144,4,0.0,364.8,198.65,175.2,1,1,1.0
144,6,98.97,285.83,137.43,55.23000000000002,1,1,1.0
144,7,714.6,228.0,104.79999999999995,63.5,1,1,1.0
144,8,767.42,473.44,126.83000000000004,66.56,1,1,1.0
145,3,208.44,256.2,94.06,37.79000000000002,1,1,1.0
145,4,0.0,368.9,175.5,171.10000000000002,1,1,1.0
145,6,81.13,286.67,138.5,56.079999999999984,1,1,1.0
145,7,705.75,228.22,106.28999999999996,64.01000000000002,1,1,1.0
145,8,776.74,468.26,124.75999999999999,71.74000000000001,1,1,1.0
146,3,208.44,256.2,94.06,37.85000000000002,1,1,1.0
146,4,0.0,373.0,150.18,167.0,1,1,1.0
146,6,63.3,287.5,139.56,56.94,1,1,1.0
146,7,696.9,228.44,107.79000000000008,64.51999999999998,1,1,1.0
146,8,786.07,463.08,122.57999999999993,76.92000000000002,1,1,1.0
147,3,208.44,256.2,94.06,37.920000000000016,1,1,1.0
147,4,0.0,380.33,126.6,159.67000000000002,1,1,1.0
147,6,45.47,289.5,141.23,56.629999999999995,1,1,1.0
147,7,688.05,228.66,109.28000000000009,65.03,1,1,1.0
147,8,795.4,457.9,120.39999999999998,82.10000000000002,1,1,1.0
148,3,208.44,256.2,94.06,37.98000000000002,1,1,1.0
148,4,0.0,384.96,100.05,155.04000000000002,1,1,1.0
148,6,27.63,290.5,142.27,57.31999999999999,1,1,1.0
148,7,679.2,228.88,110.76999999999998,65.54000000000002,1,1,1.0
148,8,803.78,453.87,118.33000000000004,81.17999999999995,1,1,1.0
149,3,208.44,256.2,94.06,38.05000000000001,1,1,1.0
149,4,0.0,389.6,73.5,150.39999999999998,1,1,1.0
149,6,9.8,291.5,143.29999999999998,58.00999999999999,1,1,1.0
149,7,670.35,229.1,112.25999999999999,66.04999999999998,1,1,1.0
149,8,812.16,449.85,116.26999999999998,80.25,1,1,1.0
150,3,208.44,256.2,94.06,38.120000000000005,1,1,1.0
150,4,0.0,400.2,47.2,139.8,1,1,1.0
150,6,0.0,292.5,136.8,58.69999999999999,1,1,1.0
150,7,661.5,229.32,113.75999999999999,66.56,1,1,1.0
150,8,820.54,445.82,114.20000000000005,79.32999999999998,1,1,1.0
151,3,208.44,256.2,94.06,38.18000000000001,1,1,1.0
151,4,0.0,409.5,17.7,130.5,1,1,1.0
151,6,0.0,293.88,118.79,58.06,1,1,1.0
151,7,652.65,229.54,115.25,67.07000000000002,1,1,1.0
151,8,828.91,441.79,112.14999999999998,78.41000000000003,1,1,1.0
152,3,208.44,256.2,94.06,38.25,1,1,1.0
152,6,0.0,295.25,100.77,57.43000000000001,1,1,1.0
152,7,643.8,229.76,115.92000000000007,67.57999999999998,1,1,1.0
152,8,837.29,437.77,110.08000000000004,77.48000000000002,1,1,1.0
153,3,208.44,256.2,94.06,38.31,1,1,1.0
153,6,0.0,296.62,82.76,56.80000000000001,1,1,1.0
153,7,634.95,229.98,116.58999999999992,68.09,1,1,1.0
153,8,845.67,433.74,108.0200000000001,76.56,1,1,1.0
154,3,208.44,256.2,94.06,38.379999999999995,1,1,1.0
154,6,0.0,298.0,64.74,56.160000000000025,1,1,1.0
154,7,626.1,230.2,117.25999999999999,68.60000000000002,1,1,1.0
154,8,854.05,429.71,105.95000000000005,75.64000000000004,1,1,1.0
155,3,208.44,256.2,94.06,38.44999999999999,1,1,1.0
155,6,0.0,300.57,46.73,54.329999999999984,1,1,1.0
155,7,616.65,230.62,118.43000000000006,69.11000000000001,1,1,1.0
155,8,861.5,425.69,98.20000000000005,74.70999999999998,1,1,1.0
156,3,208.44,256.2,94.06,38.50999999999999,1,1,1.0
156,6,0.0,302.19,28.71,55.410000000000025,1,1,1.0
156,7,607.2,231.04,119.59999999999991,69.63000000000002,1,1,1.0
156,8,867.85,421.66,92.14999999999998,73.78999999999996,1,1,1.0
157,3,208.44,256.2,94.06,38.579999999999984,1,1,1.0
157,6,0.0,303.8,10.7,46.69999999999999,1,1,1.0
157,7,598.23,231.47,119.31999999999994,70.13000000000002,1,1,1.0
157,8,875.9,417.63,84.10000000000002,72.87,1,1,1.0
158,3,208.44,256.2,94.06,38.639999999999986,1,1,1.0
158,7,589.25,231.89,119.05999999999995,70.63999999999999,1,1,1.0
158,8,881.83,413.9,78.11000000000001,71.90000000000003,1,1,1.0
159,3,208.44,256.2,94.06,38.710000000000036,1,1,1.0
159,7,580.28,232.31,118.77999999999997,71.14999999999998,1,1,1.0
159,8,887.76,410.18,72.12,70.92000000000002,1,1,1.0
160,3,208.44,256.2,94.06,38.78000000000003,1,1,1.0
160,7,571.3,232.73,118.5200000000001,71.66999999999999,1,1,1.0
160,8,893.69,406.45,66.13999999999999,69.94999999999999,1,1,1.0
161,3,208.44,256.2,94.06,38.84000000000003,1,1,1.0
161,7,560.9,233.16,119.67000000000007,72.16999999999999,1,1,1.0
161,8,899.62,402.73,60.14999999999998,68.96999999999997,1,1,1.0
162,3,208.44,256.2,94.06,38.910000000000025,1,1,1.0
162,7,550.5,233.58,120.82000000000005,72.67999999999998,1,1,1.0
162,8,905.55,399.0,54.16000000000008,68.0,1,1,1.0
163,3,208.44,256.2,94.06,38.98000000000002,1,1,1.0
163,7,545.05,234.0,117.2700000000001,73.19,1,1,1.0
163,8,911.48,396.16,48.16999999999996,66.13999999999999,1,1,1.0
164,3,208.44,256.2,94.06,39.04000000000002,1,1,1.0
164,7,527.8,234.55,124.12,73.21999999999997,1,1,1.0
164,8,917.41,393.32,42.190000000000055,64.28000000000003,1,1,1.0
165,3,208.44,256.2,94.06,39.110000000000014,1,1,1.0
165,7,516.4,235.1,126.10000000000002,73.25000000000003,1,1,1.0
165,8,923.34,390.48,36.19999999999993,62.41999999999996,1,1,1.0
166,3,208.44,256.2,94.06,39.170000000000016,1,1,1.0
166,7,505.0,235.65,127.10000000000002,73.28,1,1,1.0
166,8,929.27,387.64,30.210000000000036,60.56,1,1,1.0
167,3,208.44,256.2,94.06,39.24000000000001,1,1,1.0
167,7,493.6,236.2,128.10000000000002,73.32,1,1,1.0
167,8,935.2,384.8,24.229999999999905,58.69999999999999,1,1,1.0
168,3,208.44,256.2,94.06,39.31,1,1,1.0
168,7,482.2,237.1,129.8,73.00000000000003,1,1,1.0
168,8,940.4,386.85,19.029999999999973,53.879999999999995,1,1,1.0
169,3,208.44,256.2,94.06,39.370000000000005,1,1,1.0
169,7,470.8,238.0,131.49999999999994,72.68,1,1,1.0
169,8,945.6,388.9,13.829999999999927,49.05000000000001,1,1,1.0
170,3,208.44,256.2,94.06,39.44,1,1,1.0
170,7,459.4,238.38,131.90999999999997,72.88,1,1,1.0
170,8,950.8,390.95,8.629999999999995,44.23000000000002,1,1,1.0
171,3,208.44,256.2,94.06,39.5,1,1,1.0
171,7,448.0,238.75,132.30999999999995,73.08999999999997,1,1,1.0
171,8,956.0,393.0,3.42999999999995,39.39999999999998,1,1,1.0
172,3,208.44,256.2,94.06,39.56999999999999,1,1,1.0
172,7,436.6,239.12,132.72000000000003,73.30000000000001,1,1,1.0
173,3,208.44,256.2,94.06,39.639999999999986,1,1,1.0
173,7,425.2,239.5,133.12000000000006,73.5,1,1,1.0
174,3,208.44,256.2,94.06,39.69999999999999,1,1,1.0
174,7,413.62,239.76,133.90999999999997,74.18,1,1,1.0
175,3,208.44,256.2,94.06,39.77000000000004,1,1,1.0
175,7,402.04,240.02,134.7,74.85999999999999,1,1,1.0
176,3,208.44,256.2,94.06,39.829999999999984,1,1,1.0
176,7,390.46,240.28,135.49000000000007,75.53999999999999,1,1,1.0
177,3,208.44,256.2,94.06,39.900000000000034,1,1,1.0
177,7,378.88,240.54,136.27999999999997,76.22,1,1,1.0
178,3,208.44,256.2,93.74000000000001,39.900000000000034,1,1,1.0
178,7,367.3,240.8,137.07,76.89999999999998,1,1,1.0
179,3,208.44,256.2,93.42000000000002,39.900000000000034,1,1,1.0
179,7,355.72,241.06,137.85999999999996,77.57999999999998,1,1,1.0
180,3,208.44,256.2,93.08999999999997,39.900000000000034,1,1,1.0
180,7,344.14,241.32,138.65000000000003,78.25999999999999,1,1,1.0
181,3,208.44,256.2,92.76999999999998,39.900000000000034,1,1,1.0
181,7,332.56,241.58,139.44,78.93999999999997,1,1,1.0
182,3,208.44,256.2,92.44999999999999,39.900000000000034,1,1,1.0
182,7,320.98,241.84,140.22999999999996,79.61999999999998,1,1,1.0
183,3,208.44,256.2,92.13,39.900000000000034,1,1,1.0
183,7,309.4,242.1,141.02000000000004,80.29999999999998,1,1,1.0
184,3,208.44,256.2,91.80000000000001,39.900000000000034,1,1,1.0
184,7,298.06,242.73,141.91000000000003,80.63000000000002,1,1,1.0
185,3,208.44,256.2,91.48000000000002,39.900000000000034,1,1,1.0
185,7,286.73,243.37,142.77999999999997,80.94,1,1,1.0
186,3,208.44,256.2,91.16000000000003,39.900000000000034,1,1,1.0
186,7,275.39,244.0,143.67000000000002,81.26999999999998,1,1,1.0
187,3,208.44,256.2,86.75999999999999,39.900000000000034,1,1,1.0
187,7,264.06,244.64,144.54000000000002,81.59000000000003,1,1,1.0
188,3,208.44,256.2,70.45999999999998,39.900000000000034,1,1,1.0
188,7,252.72,245.27,144.48,81.91999999999999,1,1,1.0
189,3,208.44,256.2,62.660000000000025,39.900000000000034,1,1,1.0
189,7,241.39,245.9,144.41000000000003,82.23999999999998,1,1,1.0
190,3,208.44,256.2,53.160000000000025,39.900000000000034,1,1,1.0
190,7,230.05,246.54,144.34999999999997,82.56000000000003,1,1,1.0
